Sensor_Position 	Light_Intensity
0	-0.0437
0	-0.04193
0	-0.04547
0	-0.04434
0	-0.04402
0	-0.04048
0	-0.04418
0	-0.04128
0	-0.0437
0	-0.04595
0	-0.04773
0	-0.04483
0	-0.04322
0	-0.04756
0	-0.0445
0	-0.04692
0	-0.04096
0	-0.04386
0	-0.04531
0	-0.0416
0	-0.04209
0	-0.0416
0	-0.04483
0	-0.04128
0	-0.03935
0	-0.0408
0	-0.04612
0	-0.04628
0	-0.04483
0	-0.04402
0	-0.04434
0	-0.04241
0	-0.04354
0	-0.04322
0	-0.04563
0	-0.04676
0	-0.04483
0	-0.04821
0	-0.04724
0	-0.04467
0	-0.04064
0	-0.04225
0	-0.04257
0	-0.04128
0	-0.0466
0	-0.0466
0	-0.04225
0	-0.03693
0	-0.0437
0	-0.04434
0	-0.04756
0	-0.04531
0	-0.04289
0	-0.03999
0	-0.04434
0	-0.04128
0	-0.04241
0	-0.04144
0	-0.04628
0	-0.04064
0	-0.04032
0	-0.04209
0	-0.0416
0	-0.03806
0	-0.03854
0	-0.04257
0	-0.04386
0	-0.04225
0	-0.04225
0	-0.04193
0	-0.04354
0	-0.04112
0	-0.03774
0	-0.04257
0	-0.04144
0	-0.04257
0	-0.03742
0	-0.04338
0	-0.04531
0	-0.03887
0	-0.04209
0	-0.04144
0	-0.04418
0	-0.04032
0	-0.04354
0	-0.04015
0	-0.04241
0	-0.03919
0	-0.04144
0	-0.0437
0	-0.04241
0	-0.04402
0	-0.04128
0	-0.0416
0.01033	-0.04628
0.01033	-0.03629
0.01033	-0.03822
0.02067	-0.04386
0.02067	-0.04112
0.04133	-0.03903
0.05167	-0.03758
0.093	-0.04692
0.124	-0.04257
0.155	-0.04354
0.23766	-0.04032
0.30999	-0.03854
0.36166	-0.04193
0.52698	-0.04064
0.67165	-0.03838
0.76464	-0.04048
1.01264	-0.04128
1.20896	-0.03822
1.32263	-0.0379
1.57062	-0.04128
1.74628	-0.03983
1.82894	-0.0416
2.13893	-0.0379
2.32493	-0.04918
2.45926	-0.0437
2.75891	-0.04853
2.93458	-0.04209
3.00691	-0.04144
3.24457	-0.03742
3.42023	-0.03854
3.51322	-0.03854
3.80255	-0.03403
3.92654	-0.03854
4.02987	-0.03629
4.49486	-0.03983
4.75319	-0.03887
4.82552	-0.04499
5.18717	-0.04064
5.45583	-0.03677
5.61083	-0.04064
6.03448	-0.04354
6.3238	-0.03838
6.49946	-0.04048
6.92312	-0.03564
7.20211	-0.04241
7.3571	-0.03838
7.78076	-0.03645
8.08042	-0.04241
8.24574	-0.03806
8.74173	-0.03419
9.00005	-0.04209
9.17571	-0.03951
9.72336	-0.0387
10.08502	-0.03935
10.30201	-0.04499
10.75667	-0.03468
11.08732	-0.03983
11.23198	-0.03597
11.71764	-0.0379
12.11029	-0.0437
12.27562	-0.03854
12.8026	-0.03999
13.21592	-0.03758
13.39158	-0.04048
13.8979	-0.04048
14.20789	-0.04015
14.34222	-0.03419
14.83821	-0.04144
15.09653	-0.03597
15.22053	-0.03725
15.65451	-0.03677
15.87151	-0.03597
16.00584	-0.03371
16.37782	-0.03597
16.62582	-0.03258
16.88414	-0.02614
17.42146	-0.03452
17.67978	-0.02549
17.96911	-0.02501
18.45476	-0.01663
18.66142	-0.02034
18.83708	-0.01277
19.44673	-0.00246
19.82905	0.01091
20.14937	0.03073
20.61436	0.08115
20.83135	0.12739
21.05868	0.18442
21.60633	0.40657
21.82332	0.58523
22.12298	0.84749
22.58796	1.55552
22.87729	1.97389
23.15628	2.31397
23.62127	2.60057
23.87959	2.57076
24.08625	2.45816
24.56157	2.05315
24.85089	1.79781
24.94389	1.67683
25.31588	1.35447
25.55354	1.1307
25.64654	1.04226
26.00819	0.79739
26.27685	0.6698
26.36985	0.6197
26.7315	0.47471
26.98983	0.40592
27.10349	0.36372
27.45481	0.28816
27.68214	0.23436
27.7958	0.22243
28.05413	0.17217
28.31245	0.14527
28.39512	0.12803
28.62244	0.10322
28.81877	0.0797
28.8911	0.07358
29.1081	0.0536
29.35609	0.04974
29.42842	0.03894
29.73841	0.02702
29.96574	0.0201
30.0794	0.01301
30.39972	0.00737
30.65805	-0.00214
30.79238	0.00221
31.13337	0.00109
31.46402	-0.00632
31.60868	-0.00423
31.99101	-0.00906
32.301	-0.01003
32.48699	-0.01116
32.94164	-0.01631
33.2723	-0.01567
33.41696	-0.01808
33.91295	-0.02646
34.2436	-0.02179
34.38827	-0.02356
34.86358	-0.02259
35.21491	-0.01728
35.38023	-0.02404
35.83489	-0.02517
36.11388	-0.02034
36.27921	-0.02582
36.66153	-0.01792
36.95085	-0.02533
37.08518	-0.02437
37.5295	-0.02002
37.81883	-0.03017
37.95315	-0.02485
38.29414	-0.02904
38.70746	-0.0292
38.90379	-0.03258
39.54444	-0.02904
39.90609	-0.02533
40.11275	-0.02485
40.54674	-0.03081
40.8774	-0.03113
41.00139	-0.02195
41.47671	-0.03001
41.77637	-0.02115
41.93136	-0.03001
42.38602	-0.02533
42.72701	-0.02469
42.87167	-0.02437
43.36765	-0.02421
43.71898	-0.02872
43.8843	-0.02018
44.40095	-0.02292
44.73161	-0.02437
44.83494	-0.02517
45.29993	-0.02179
45.64092	-0.02485
45.81658	-0.02211
46.32289	-0.02356
46.68455	-0.02662
46.84988	-0.01825
47.43886	-0.0263
47.86251	-0.01792
48.06917	-0.02147
48.76149	-0.02243
49.2988	-0.02356
49.52613	-0.01744
50.35277	-0.01986
50.95208	-0.02002
51.24141	-0.02018
52.10938	-0.01663
52.78103	-0.01841
53.06002	-0.02018
54.05199	-0.02034
54.69263	-0.02131
54.98196	-0.02163
55.88093	-0.01937
56.52158	-0.0176
56.82123	-0.02131
57.73054	-0.02469
58.29886	-0.02163
58.55718	-0.02115
59.38382	-0.01712
59.87981	-0.02147
60.1278	-0.01825
60.88211	-0.01712
61.39876	-0.01808
61.64675	-0.02082
62.27707	-0.02002
62.84538	-0.02082
63.10371	-0.02179
63.75469	-0.01873
64.261	-0.01937
64.478	-0.01502
65.22197	-0.02018
65.73862	-0.02163
65.97628	-0.01647
66.75126	-0.01808
67.28858	-0.02292
67.55723	-0.0176
68.36321	-0.02211
68.84886	-0.02259
69.12785	-0.02066
69.94416	-0.02259
70.47114	-0.02098
70.75014	-0.01921
71.58711	-0.01937
72.17609	-0.02018
72.46542	-0.01889
73.24039	-0.02356
73.73638	-0.02002
74.0257	-0.02115
74.74901	-0.02372
75.22433	-0.02002
75.53432	-0.01986
76.29896	-0.02243
76.90861	-0.01357
77.20827	-0.00987
78.15891	0.00205
78.84088	0.00479
79.15087	0.0093
80.22551	0.02219
80.77316	0.018
81.11415	0.01397
82.03378	0.00672
82.67443	-0.00165
82.96376	-0.00407
83.76973	-0.00874
84.29671	-0.00745
84.59637	-0.01132
85.41268	-0.01245
85.99133	-0.0139
86.24965	-0.01535
87.08663	-0.01051
87.63428	-0.01228
87.94427	-0.01116
88.78124	-0.01583
89.30823	-0.01825
89.61822	-0.01261
90.49652	-0.01293