Black Body Radiation Experiment Wed, Jan 24, 2024 4:13 PM
Sensor Position (Degrees)	Light Intensity (Volts)
0.00000	-0.00938
0.00000	-0.00665
0.00000	-0.00858
0.00000	-0.00810
0.00000	-0.01228
0.00000	-0.00890
0.00000	-0.00761
0.00000	-0.00665
0.00000	-0.00826
0.00000	-0.01100
0.00000	-0.00971
0.00000	-0.00777
0.00000	-0.00761
0.00000	-0.01067
0.00000	-0.00987
0.00000	-0.01035
0.00000	-0.01228
0.00000	-0.01083
0.00000	-0.00649
0.00000	-0.00922
0.00000	-0.00971
0.00000	-0.00842
0.00000	-0.01132
0.00000	-0.01019
0.00000	-0.01261
0.00000	-0.00938
0.00000	-0.01083
0.00000	-0.01631
0.00000	-0.00971
0.00000	-0.00794
0.00000	-0.01035
0.00000	-0.00906
0.00000	-0.00794
0.00000	-0.00890
0.00000	-0.01132
0.00000	-0.00858
0.00000	-0.00842
0.00000	-0.00987
0.00000	-0.01309
0.00000	-0.01422
0.00000	-0.01196
0.00000	-0.00777
0.00000	-0.01003
0.00000	-0.00987
0.00000	-0.01100
0.00000	-0.00600
0.00000	-0.01067
0.00000	-0.00971
0.00000	-0.00826
0.00000	-0.00810
0.00000	-0.01180
0.00000	-0.01357
0.00000	-0.01277
0.00000	-0.01003
0.00000	-0.01051
0.00000	-0.00842
0.00000	-0.01003
0.00000	-0.00665
0.00000	-0.00391
0.00000	-0.00697
0.00000	-0.00745
0.00000	-0.01083
0.00000	-0.00858
0.00000	-0.01132
0.00000	-0.00890
0.00000	-0.01196
0.00000	-0.00810
0.00000	-0.01245
0.00000	-0.00858
0.00000	-0.01132
0.00000	-0.00874
0.00000	-0.01148
0.00000	-0.00987
0.00000	-0.01083
0.00000	-0.00810
0.00000	-0.00987
0.00000	-0.01116
0.00000	-0.00777
0.00000	-0.00761
0.00000	-0.00955
0.00000	-0.00987
0.00000	-0.01148
0.00000	-0.01196
0.00000	-0.01116
0.00000	-0.00842
0.00000	-0.00874
0.00000	-0.01083
0.00000	-0.00938
0.00000	-0.01100
0.00000	-0.00922
0.00000	-0.00665
0.00000	-0.00713
0.00000	-0.00649
0.00000	-0.01309
0.00000	-0.00890
0.00000	-0.01116
0.00000	-0.01051
0.00000	-0.00858
0.00000	-0.00858
0.00000	-0.00504
0.00000	-0.00922
0.00000	-0.00842
0.00000	-0.01164
0.00000	-0.01116
-0.01033	-0.01035
-0.01033	-0.00938
-0.01033	-0.00971
-0.01033	-0.00906
-0.01033	-0.00713
-0.01033	-0.00697
-0.01033	-0.00649
-0.01033	-0.01148
-0.01033	-0.00858
-0.01033	-0.01422
-0.01033	-0.00584
-0.01033	-0.00697
-0.01033	-0.00971
-0.01033	-0.00971
-0.01033	-0.01148
-0.01033	-0.01164
-0.01033	-0.01180
-0.01033	-0.01083
-0.01033	-0.01019
-0.01033	-0.00600
-0.01033	-0.00842
-0.01033	-0.00697
-0.01033	-0.01003
-0.01033	-0.00922
-0.01033	-0.00729
-0.02067	-0.00729
-0.04133	-0.00584
-0.04133	-0.00729
-0.04133	-0.01180
-0.04133	-0.01100
-0.04133	-0.01261
-0.04133	-0.01100
-0.04133	-0.00890
-0.04133	-0.00729
-0.04133	-0.00874
-0.07233	-0.00745
-0.11366	-0.00649
-0.12400	-0.00794
-0.12400	-0.01148
-0.12400	-0.01035
-0.12400	-0.01277
-0.12400	-0.01003
-0.12400	-0.00810
-0.12400	-0.00423
-0.12400	-0.00938
-0.12400	-0.00842
-0.12400	-0.00649
-0.12400	-0.00874
-0.12400	-0.00922
-0.12400	-0.00761
-0.12400	-0.01019
-0.12400	-0.00938
-0.12400	-0.00761
-0.12400	-0.00922
-0.12400	-0.00987
-0.12400	-0.00842
-0.12400	-0.00971
-0.12400	-0.00568
-0.12400	-0.00713
-0.12400	-0.01003
-0.12400	-0.00697
-0.12400	-0.01003
-0.12400	-0.01035
-0.12400	-0.01003
-0.12400	-0.01245
-0.12400	-0.01164
-0.12400	-0.00890
-0.12400	-0.00520
-0.12400	-0.00810
-0.12400	-0.00874
-0.12400	-0.00713
-0.12400	-0.01100
-0.12400	-0.00745
-0.12400	-0.00858
-0.12400	-0.00761
-0.12400	-0.01019
-0.12400	-0.00858
-0.12400	-0.00697
-0.12400	-0.00729
-0.12400	-0.00987
-0.12400	-0.01019
-0.12400	-0.00729
-0.12400	-0.01148
-0.12400	-0.01132
-0.12400	-0.01003
-0.12400	-0.01003
-0.12400	-0.00729
-0.12400	-0.00858
-0.12400	-0.00890
-0.12400	-0.01390
-0.12400	-0.00794
-0.12400	-0.00906
-0.12400	-0.00713
-0.12400	-0.00552
-0.12400	-0.00971
-0.12400	-0.00906
-0.13433	-0.01083
-0.13433	-0.00713
-0.13433	-0.00794
-0.13433	-0.00810
-0.13433	-0.00777
-0.13433	-0.01100
-0.13433	-0.01083
-0.13433	-0.01051
-0.13433	-0.00810
-0.13433	-0.01132
-0.13433	-0.00874
-0.13433	-0.01035
-0.13433	-0.00906
-0.13433	-0.00665
-0.13433	-0.01196
-0.13433	-0.00826
-0.13433	-0.01051
-0.13433	-0.00938
-0.13433	-0.01164
-0.13433	-0.00906
-0.13433	-0.00810
-0.13433	-0.01083
-0.13433	-0.01100
-0.13433	-0.01019
-0.13433	-0.01341
-0.13433	-0.00745
-0.13433	-0.00520
-0.13433	-0.00971
-0.13433	-0.00971
-0.13433	-0.00810
-0.13433	-0.00842
-0.13433	-0.00649
-0.13433	-0.01132
-0.13433	-0.01277
-0.13433	-0.01390
-0.13433	-0.00842
-0.13433	-0.01019
-0.13433	-0.01051
-0.13433	-0.01261
-0.13433	-0.01341
-0.13433	-0.00955
-0.12400	-0.00842
-0.12400	-0.01100
-0.12400	-0.00987
-0.12400	-0.00600
-0.12400	-0.01164
-0.12400	-0.01035
-0.12400	-0.00987
-0.12400	-0.00777
-0.12400	-0.00745
-0.12400	-0.01261
-0.12400	-0.01196
-0.12400	-0.01019
-0.12400	-0.01003
-0.12400	-0.01051
-0.12400	-0.00826
-0.12400	-0.00874
-0.12400	-0.00842
-0.12400	-0.01019
-0.12400	-0.01035
-0.12400	-0.01148
-0.12400	-0.01132
-0.12400	-0.00697
-0.12400	-0.01196
-0.12400	-0.01051
-0.12400	-0.00874
-0.12400	-0.01277
-0.11366	-0.00987
-0.11366	-0.01051
-0.10333	-0.00842
-0.09300	-0.01067
-0.09300	-0.00665
-0.09300	-0.01325
-0.09300	-0.00616
-0.09300	-0.00665
-0.09300	-0.01180
-0.09300	-0.01293
-0.09300	-0.00697
-0.09300	-0.01341
-0.09300	-0.00745
-0.09300	-0.01051
-0.09300	-0.00681
-0.09300	-0.00713
-0.09300	-0.00777
-0.09300	-0.00874
-0.09300	-0.00971
-0.09300	-0.00552
-0.09300	-0.00745
-0.09300	-0.00971
-0.09300	-0.01019
-0.09300	-0.01148
-0.09300	-0.01212
-0.09300	-0.01261
-0.09300	-0.01470
-0.09300	-0.01003
-0.09300	-0.01035
-0.09300	-0.00552
-0.09300	-0.00938
-0.09300	-0.01067
-0.09300	-0.00955
-0.08266	-0.00858
-0.04133	-0.00826
-0.01033	-0.00810
0.03100	-0.00665
0.07233	-0.00938
0.13433	-0.01083
0.17566	-0.00681
0.25833	-0.01293
0.30999	-0.00826
0.35132	-0.00922
0.45465	-0.01116
0.51665	-0.01083
0.54765	-0.01100
0.67165	-0.00955
0.74398	-0.00568
0.78531	-0.01373
0.92997	-0.01132
1.00230	-0.01212
1.05397	-0.00777
1.13663	-0.00616
1.19863	-0.00906
1.21930	-0.01067
1.28129	-0.01067
1.33296	-0.00890
1.35362	-0.00890
1.44662	-0.01035
1.47762	-0.01180
1.49829	-0.00649
1.58095	-0.00826
1.65328	-0.01083
1.67395	-0.01196
1.78761	-0.01067
1.88061	-0.01148
1.93227	-0.00745
2.03560	-0.00600
2.12860	-0.00632
2.15960	-0.00890
2.25260	-0.01132
2.31459	-0.00487
2.34559	-0.00922
2.42826	-0.01019
2.50059	-0.00922
2.54192	-0.00842
2.61425	-0.00423
2.67625	-0.00842
2.69692	-0.00729
2.77958	-0.01148
2.84158	-0.01100
2.87258	-0.00584
2.94491	-0.00745
3.00691	-0.00359
3.02757	-0.01277
3.12057	-0.01116
3.18257	-0.00697
3.19290	-0.00842
3.28590	-0.01051
3.33756	-0.00713
3.36856	-0.01083
3.45123	-0.00826
3.54422	-0.00890
3.57522	-0.00568
3.70955	-0.01293
3.77155	-0.00745
3.82321	-0.01180
3.95754	-0.01164
4.01954	-0.00632
4.05054	-0.00794
4.14354	-0.01051
4.20554	-0.01196
4.22620	-0.01003
4.36053	-0.00777
4.40186	-0.00713
4.43286	-0.00600
4.53619	-0.01051
4.59819	-0.00874
4.62919	-0.00955
4.72219	-0.00906
4.81518	-0.00713
4.85652	-0.00858
4.95985	-0.00826
5.05284	-0.00906
5.11484	-0.01148
5.23884	-0.00955
5.35250	-0.01116
5.38350	-0.01003
5.53849	-0.00955
5.62116	-0.01309
5.67282	-0.00858
5.79682	-0.01116
5.87948	-0.00729
5.93115	-0.00842
6.03448	-0.01051
6.11714	-0.01035
6.15848	-0.00874
6.28247	-0.00874
6.35480	-0.00632
6.38580	-0.00987
6.50980	-0.00745
6.57180	-0.00826
6.60279	-0.01373
6.74746	-0.01180
6.81979	-0.00632
6.86112	-0.00874
7.00578	-0.01454
7.09878	-0.01035
7.15044	-0.00665
7.30544	-0.00536
7.42944	-0.00826
7.49143	-0.01003
7.69809	-0.00874
7.85309	-0.00890
7.95642	-0.00826
8.22508	-0.00810
8.36974	-0.01116
8.45240	-0.01325
8.66940	-0.01228
8.80373	-0.00810
8.87606	-0.00665
9.08272	-0.00890
9.23771	-0.00955
9.29971	-0.00745
9.51670	-0.00552
9.66137	-0.00922
9.74403	-0.01293
9.95069	-0.00987
10.08502	-0.00794
10.10569	-0.00810
10.27101	-0.00681
10.37434	-0.01261
10.41568	-0.01245
10.52934	-0.01132
10.62234	-0.00890
10.65334	-0.00777
10.76700	-0.00955
10.83933	-0.00423
10.87033	-0.00536
10.96333	-0.00439
11.02532	-0.00842
11.05632	-0.00777
11.11832	-0.00874
11.16999	-0.00810
11.19065	-0.00729
11.27332	-0.00794
11.30432	-0.00826
11.31465	-0.00600
11.37665	-0.01083
11.40765	-0.00777
11.42831	-0.00761
11.47998	-0.00874
11.52131	-0.00632
11.53164	-0.01100
11.59364	-0.00826
11.62464	-0.00858
11.63497	-0.00777
11.68664	-0.00874
11.71764	-0.00906
11.72797	-0.00681
11.77963	-0.00729
11.84163	-0.00584
11.86230	-0.00794
11.90363	-0.00858
11.93463	-0.00890
11.94496	-0.00616
11.99663	-0.00745
12.02763	-0.00842
12.04829	-0.00890
12.11029	-0.00987
12.13096	-0.00632
12.14129	-0.00874
12.18262	-0.00810
12.20329	-0.01003
12.21362	-0.00938
12.26529	-0.00649
12.29628	-0.01051
12.30662	-0.00697
12.34795	-0.00761
12.36862	-0.01067
12.37895	-0.00536
12.39961	-0.00858
12.42028	-0.01067
12.43061	-0.00794
12.47195	-0.01035
12.50294	-0.00874
12.52361	-0.00552
12.60628	-0.00858
12.65794	-0.01019
12.68894	-0.00810
12.79227	-0.00810
12.85427	-0.00600
12.88527	-0.00826
12.98860	-0.01148
13.07126	-0.00600
13.11259	-0.00729
13.20559	-0.01003
13.26759	-0.00745
13.30892	-0.00681
13.40192	-0.00681
13.45358	-0.01019
13.49491	-0.00874
13.56725	-0.01019
13.61891	-0.00568
13.64991	-0.01035
13.73257	-0.00745
13.78424	-0.01116
13.81524	-0.00729
13.93923	-0.00922
14.01156	-0.00600
14.04256	-0.00971
14.15623	-0.00858
14.21822	-0.00681
14.25956	-0.00971
14.34222	-0.00906
14.40422	-0.00649
14.44555	-0.00938
14.51788	-0.00697
14.57988	-0.00922
14.60055	-0.00616
14.66254	-0.00955
14.70388	-0.00842
14.72454	-0.00890
14.77621	-0.00777
14.80721	-0.01083
14.81754	-0.00794
14.83821	-0.01067
14.85887	-0.00922
14.85887	-0.01261
14.88987	-0.00794
14.91054	-0.00874
14.93120	-0.00649
14.93120	-0.00729
14.97253	-0.00471
15.00353	-0.00906
15.02420	-0.00616
15.03453	-0.01003
15.08620	-0.00568
15.12753	-0.01003
15.14820	-0.00504
15.17920	-0.00906
15.21019	-0.00874
15.22053	-0.00906
15.25153	-0.00777
15.26186	-0.00713
15.27219	-0.00761
15.31352	-0.00810
15.34452	-0.00568
15.35486	-0.00971
15.39619	-0.00955
15.41685	-0.01051
15.41685	-0.00842
15.46852	-0.00810
15.49952	-0.01003
15.54085	-0.00294
15.57185	-0.00649
15.58218	-0.00520
15.64418	-0.00874
15.67518	-0.00794
15.70618	-0.00681
15.75784	-0.00616
15.78884	-0.00584
15.80951	-0.00504
15.89217	-0.00359
15.95417	-0.00826
15.98517	-0.00681
16.06783	-0.00745
16.12983	-0.00794
16.15050	-0.00729
16.23316	-0.00407
16.27449	-0.00439
16.29516	-0.00568
16.39849	-0.00632
16.47082	-0.00810
16.51215	-0.00874
16.59482	-0.00713
16.64648	-0.00874
16.67748	-0.00616
16.74981	-0.00278
16.79115	-0.00938
16.82214	-0.00697
16.88414	-0.00616
16.91514	-0.00810
16.94614	-0.00407
16.97714	-0.00407
17.00814	-0.00423
17.01847	-0.00085
17.04947	-0.00600
17.08047	-0.00777
17.10114	-0.00890
17.17347	-0.00520
17.20447	-0.00536
17.22513	-0.00278
17.30780	-0.00632
17.34913	-0.00536
17.38013	-0.00520
17.44212	-0.00423
17.48346	-0.00246
17.49379	-0.00810
17.53512	-0.00713
17.54545	-0.00713
17.54545	-0.00310
17.56612	-0.00665
17.58679	-0.00536
17.60745	-0.00278
17.61779	-0.00149
17.65912	-0.00745
17.69012	-0.00471
17.71078	-0.00826
17.76245	-0.00681
17.81411	-0.00745
17.84511	-0.00455
17.91744	-0.00342
17.96911	-0.00504
17.98977	-0.00407
18.04144	-0.00391
18.06211	-0.00310
18.07244	-0.00713
18.11377	-0.00471
18.13444	-0.00310
18.15510	-0.00423
18.19643	0.00141
18.22743	-0.00262
18.24810	-0.00584
18.36176	-0.00004
18.41343	-0.00101
18.44443	-0.00181
18.52709	-0.00101
18.56842	-0.00085
18.57876	-0.00133
18.60976	0.00076
18.62009	0.00028
18.62009	0.00495
18.63042	0.00109
18.63042	0.00238
18.63042	-0.00020
18.63042	-0.00101
18.66142	-0.00052
18.70275	0.00076
18.73375	0.00044
18.76475	0.00157
18.87841	0.00270
18.94041	0.00527
18.99208	0.00270
19.12641	0.00656
19.18840	0.00141
19.21940	0.00656
19.34340	0.00721
19.39506	0.00527
19.41573	0.00995
19.49839	0.01140
19.52939	0.01220
19.56039	0.01043
19.64306	0.01752
19.66372	0.01607
19.69472	0.01526
19.81872	0.01897
19.89105	0.02428
19.91171	0.02412
20.03571	0.02380
20.09771	0.02912
20.12871	0.03153
20.24237	0.03476
20.30437	0.04233
20.35603	0.04201
20.44903	0.04700
20.49036	0.05650
20.51103	0.05135
20.57303	0.06118
20.62469	0.06633
20.63503	0.06987
20.70736	0.07777
20.73836	0.08502
20.76935	0.09195
20.84169	0.09549
20.87268	0.09919
20.89335	0.10628
20.96568	0.11385
20.98635	0.11998
21.02768	0.12787
21.06901	0.13802
21.08968	0.14543
21.10001	0.14366
21.10001	0.15477
21.10001	0.16170
21.10001	0.16089
21.10001	0.16605
21.10001	0.16653
21.10001	0.17217
21.11034	0.16669
21.11034	0.17072
21.12068	0.17201
21.12068	0.17491
21.14134	0.18007
21.16201	0.17700
21.18268	0.18200
21.21367	0.18957
21.26534	0.19505
21.29634	0.19714
21.32734	0.20310
21.38934	0.21583
21.42033	0.22807
21.45133	0.23129
21.50300	0.25401
21.54433	0.26126
21.58566	0.26706
21.62699	0.28977
21.64766	0.29702
21.65799	0.30105
21.71999	0.32425
21.76132	0.33085
21.79232	0.34438
21.85432	0.36452
21.88532	0.37999
21.93699	0.38933
22.02998	0.41559
22.08165	0.42912
22.12298	0.44217
22.24698	0.47165
22.28831	0.48277
22.32964	0.49179
22.38130	0.50983
22.42264	0.51644
22.43297	0.52063
22.49497	0.53239
22.53630	0.53464
22.58796	0.53754
22.67063	0.54334
22.73263	0.54350
22.75329	0.54656
22.86696	0.53464
22.93929	0.52691
22.97029	0.52417
23.07362	0.50935
23.14595	0.49646
23.16661	0.48824
23.24928	0.46537
23.28028	0.44861
23.31128	0.44555
23.35261	0.42300
23.37327	0.41172
23.37327	0.39980
23.39394	0.38305
23.40427	0.37322
23.40427	0.36420
23.41461	0.35502
23.41461	0.34406
23.41461	0.34100
23.41461	0.33730
23.42494	0.32876
23.43527	0.32779
23.46627	0.32183
23.47660	0.31829
23.51794	0.31023
23.53860	0.30169
23.53860	0.30266
23.57993	0.28542
23.60060	0.28317
23.63160	0.27447
23.65227	0.27173
23.75560	0.25933
23.79693	0.25256
23.81759	0.24692
23.87959	0.23146
23.93126	0.21937
23.96226	0.21293
24.00359	0.19650
24.03459	0.19231
24.04492	0.18506
24.08625	0.16766
24.10692	0.16315
24.10692	0.15880
24.13792	0.14688
24.14825	0.14479
24.16892	0.13415
24.17925	0.13625
24.22058	0.12690
24.25158	0.12175
24.27225	0.11853
24.32391	0.11128
24.36524	0.10580
24.38591	0.10097
24.46857	0.09323
24.52024	0.08308
24.55124	0.08051
24.61324	0.06987
24.63390	0.06456
24.63390	0.06166
24.66490	0.05505
24.69590	0.04780
24.72690	0.03878
24.74756	0.03927
24.79923	0.03798
24.85089	0.03073
24.87156	0.02992
24.98522	0.02670
25.05755	0.02332
25.08855	0.02074
25.19188	0.01607
25.27455	0.00946
25.30555	0.01494
25.41921	0.00946
25.49154	0.00785
25.52254	0.00962
25.61554	0.00302
25.66720	0.00093
25.68787	-0.00004
25.73953	0.00366
25.76020	-0.00036
25.77053	-0.00052
25.80153	0.00076
25.81186	0.00060
25.82220	-0.00069
25.85320	-0.00165
25.86353	-0.00359
25.88420	0.00028
25.91519	-0.00165
25.94619	0.00109
25.94619	-0.00391
25.99786	-0.00552
26.03919	-0.00149
26.09086	-0.00391
26.12186	-0.00407
26.15285	-0.00761
26.19419	0.00157
26.20452	-0.00342
26.23552	-0.00632
26.24585	-0.00262
26.25618	-0.00197
26.27685	-0.00520
26.28718	-0.00439
26.29752	-0.00423
26.31818	-0.00713
26.33885	-0.00375
26.34918	-0.00504
26.38018	-0.00230
26.40085	-0.00729
26.42151	-0.00246
26.47318	-0.00197
26.52484	-0.00407
26.55584	-0.00230
26.61784	-0.00584
26.66950	-0.00423
26.70050	-0.00600
26.78317	-0.00342
26.83483	-0.00600
26.86583	-0.00826
26.93816	-0.00600
26.98983	-0.00842
27.01049	-0.00568
27.07249	-0.00520
27.15516	-0.00971
27.16549	-0.00632
27.22749	-0.00632
27.28949	-0.00375
27.31015	-0.00681
27.40315	-0.00214
27.43415	-0.00552
27.46515	-0.00471
27.54781	-0.00423
27.66147	-0.00455
27.67181	-0.00504
27.76480	-0.00681
27.83714	-0.00439
27.87847	-0.00552
27.98180	-0.01083
28.05413	-0.00359
28.09546	-0.00487
28.18846	-0.00584
28.26079	-0.00487
28.30212	-0.00326
28.38478	-0.00616
28.45712	-0.00729
28.49845	-0.00697
28.62244	-0.00487
28.67411	-0.00729
28.72577	-0.00342
28.84977	-0.00439
28.93243	-0.00681
28.96343	-0.00649
29.06676	-0.00616
29.15976	-0.00794
29.20109	-0.00600
29.31476	-0.01148
29.38709	-0.00342
29.42842	-0.00874
29.54208	-0.00616
29.62475	-0.00858
29.65575	-0.00729
29.76941	-0.00439
29.84174	-0.00584
29.87274	-0.00552
29.98640	-0.00584
30.02773	-0.00858